#N canvas 590 74 675 569 10;
#N canvas 94 264 600 388 make-table 0;
#X msg 81 44 bang;
#X obj 81 73 t b b;
#X obj 159 142 f;
#X obj 197 142 + 1;
#X msg 175 112 0;
#X obj 81 102 until;
#X obj 161 177 t f f;
#X obj 76 306 tabwrite bell-curve;
#X obj 52 270 expr exp(-$f1*$f1);
#X obj 63 168 sel 199;
#X obj 51 241 expr ($f1-100)/25;
#N canvas 0 0 450 300 (subpatch) 0;
#X array bell-curve 200 float 1;
#A 0 1.12535e-07 1.54727e-07 2.12059e-07 2.89706e-07 3.94519e-07 5.35535e-07
7.24633e-07 9.77371e-07 1.31404e-06 1.76105e-06 2.35258e-06 3.13275e-06
4.15832e-06 5.50199e-06 7.25659e-06 9.54016e-06 1.25023e-05 1.63317e-05
2.1266e-05 2.76026e-05 3.57128e-05 4.60584e-05 5.92113e-05 7.58768e-05
9.69224e-05 0.00012341 0.000156634 0.000198167 0.000249912 0.000314163
0.000393669 0.000491721 0.000612231 0.000759842 0.000940028 0.00115923
0.00142498 0.00174605 0.00213263 0.00259648 0.00315111 0.00381201 0.00459678
0.0055254 0.0066204 0.00790705 0.0094136 0.0111714 0.013215 0.0155826
0.0183156 0.0214592 0.0250621 0.0291763 0.0338573 0.0391639 0.0451575
0.0519019 0.0594631 0.0679081 0.0773047 0.0877205 0.0992216 0.111872
0.125732 0.140858 0.1573 0.1751 0.194291 0.214896 0.236928 0.260383
0.285247 0.311486 0.339053 0.367879 0.397882 0.428956 0.46098 0.493812
0.527292 0.561244 0.595473 0.62977 0.663916 0.697676 0.730811 0.763074
0.794216 0.823987 0.852144 0.878447 0.902668 0.924595 0.944027 0.960789
0.974725 0.985703 0.99362 0.998401 1 0.998401 0.99362 0.985703 0.974725
0.960789 0.944027 0.924595 0.902668 0.878447 0.852144 0.823987 0.794216
0.763074 0.730811 0.697676 0.663916 0.62977 0.595473 0.561244 0.527292
0.493812 0.46098 0.428956 0.397882 0.367879 0.339053 0.311486 0.285247
0.260383 0.236928 0.214896 0.194291 0.1751 0.1573 0.140858 0.125732
0.111872 0.0992216 0.0877205 0.0773047 0.0679081 0.0594631 0.0519019
0.0451575 0.0391639 0.0338573 0.0291763 0.0250621 0.0214592 0.0183156
0.0155826 0.013215 0.0111714 0.0094136 0.00790705 0.0066204 0.0055254
0.00459678 0.00381201 0.00315111 0.00259648 0.00213263 0.00174605 0.00142498
0.00115923 0.000940028 0.000759842 0.000612231 0.000491721 0.000393669
0.000314163 0.000249912 0.000198167 0.000156634 0.00012341 9.69224e-05
7.58768e-05 5.92113e-05 4.60584e-05 3.57128e-05 2.76026e-05 2.1266e-05
1.63317e-05 1.25023e-05 9.54016e-06 7.25659e-06 5.50199e-06 4.15832e-06
3.13275e-06 2.35258e-06 1.76105e-06 1.31404e-06 9.77371e-07 7.24633e-07
5.35535e-07 3.94519e-07 2.89706e-07 2.12059e-07 1.54727e-07;
#X coords 0 1 199 0 200 140 1;
#X restore 342 85 graph;
#X obj 81 22 loadbang;
#X connect 0 0 1 0;
#X connect 1 0 5 0;
#X connect 1 1 4 0;
#X connect 2 0 3 0;
#X connect 2 0 6 0;
#X connect 2 0 9 0;
#X connect 3 0 2 1;
#X connect 4 0 2 1;
#X connect 5 0 2 0;
#X connect 6 0 10 0;
#X connect 6 1 7 1;
#X connect 8 0 7 0;
#X connect 9 0 5 1;
#X connect 10 0 8 0;
#X connect 12 0 0 0;
#X restore 51 50 pd make-table;
#X obj 53 238 formant~;
#X text 376 122 Parent Patch;
#X floatatom 53 106 5 0 0 0 - - -, f 5;
#X obj 53 179 phasor~;
#X obj 86 132 s fundamental;
#X obj 52 372 output~;
#X obj 54 285 +~;
#X obj 54 310 +~;
#X obj 54 335 +~;
#X floatatom 195 163 5 0 0 0 Frequency - -, f 5;
#X floatatom 246 166 5 0 0 0 Q - -, f 5;
#X obj 134 369 spectrum~ 4096 4;
#X obj 112 238 formant~;
#X obj 171 238 formant~;
#X obj 229 237 formant~;
#X text 371 277 inlets for formant: 1.phasor \; 2.center frequency
\; 3.gain, f 21;
#X floatatom 314 166 5 0 0 0 Gain - -, f 5;
#X floatatom 279 199 5 0 0 0 Frequency - -, f 5;
#X floatatom 329 200 5 0 0 0 Q - -, f 5;
#X floatatom 397 200 5 0 0 0 Gain - -, f 5;
#X connect 1 0 7 0;
#X connect 3 0 4 0;
#X connect 3 0 5 0;
#X connect 4 0 1 0;
#X connect 4 0 13 0;
#X connect 4 0 14 0;
#X connect 4 0 15 0;
#X connect 7 0 8 0;
#X connect 8 0 9 0;
#X connect 9 0 6 0;
#X connect 9 0 6 1;
#X connect 9 0 12 0;
#X connect 10 0 1 1;
#X connect 11 0 1 2;
#X connect 13 0 7 1;
#X connect 14 0 8 1;
#X connect 15 0 9 1;
#X connect 17 0 1 3;
#X connect 18 0 13 1;
#X connect 19 0 13 2;
#X connect 20 0 13 3;
